2 16 16 1 
neuron[1][0]: 2.226269514943582, 1.7538052718539912
bias: -2.227498160832607
neuron[1][1]: 1.1750738617527516, 1.4016006885396242
bias: -0.9080916615851011
neuron[1][2]: 0.9374684141014739, 0.7894497659073775
bias: -0.7085116588919864
neuron[1][3]: 0.2767854419060145, -0.3075945346025253
bias: 0.5134354485609065
neuron[1][4]: 1.1047291639875538, 1.3603991309920531
bias: -0.8464791817463356
neuron[1][5]: 0.4401710819314635, 0.7597980548548385
bias: -0.13783462125985435
neuron[1][6]: 0.8438770297158854, 1.4810548393712204
bias: -0.6942579276757801
neuron[1][7]: -0.41865507642557104, -0.3072459993039039
bias: 0.5858570744532309
neuron[1][8]: 1.0226346848101497, 0.9802131663250657
bias: -0.12011368014867688
neuron[1][9]: 0.7160543964030477, 0.5380983095368957
bias: -0.33055232023566966
neuron[1][10]: 0.7721791077295435, 0.5034800808983835
bias: -0.4422494208652911
neuron[1][11]: 2.5379812694476365, 2.312024829514465
bias: -2.5563341510412587
neuron[1][12]: 1.5093300267633452, 1.2632382985216764
bias: -1.437887945756674
neuron[1][13]: 1.2056521308056891, 1.0403867903937483
bias: -1.07604680271146
neuron[1][14]: 0.9083607494229937, 1.1226391647857425
bias: -0.26366518260388777
neuron[1][15]: 1.1224000293607346, 1.1454497200056046
bias: -0.8708140764035396

neuron[2][0]: 0.37188415434216593, 0.2276749752868085, 0.417526866391327, 0.2507069876434987, 0.04784547122399935, 0.6615309726353346, 0.3475580667794798, 0.3444866153578526, 0.7790699160951792, 0.6293766049465591, 0.5802765786487217, 0.5037045273161413, 0.36050603503633627, 0.14004911966210454, 0.7711504824477868, 0.5209709935413819
bias: -0.19477084323082325
neuron[2][1]: 0.1881586519862221, 0.5421324505209076, 0.9101994680132225, 0.6194172730033783, 0.9919742934616941, 0.5505606096898288, 0.582193368885592, 0.36069811194172074, 0.4176076922712668, 0.9821861358321463, 0.8449488760660651, 0.47438640914986624, 0.2783901140499741, 0.2551967884861878, 0.2880421818339205, 0.4263729179626072
bias: 0.03953864285425515
neuron[2][2]: 1.03750158488518, 0.6225331514711797, -0.22129756051418534, -0.8937502471838534, 0.5274669037645211, 0.12163724564466805, 0.2959119848451162, -1.0275657614224911, 0.004469639670273797, -0.2697951848203677, 0.09231183602579472, 1.7495818065414017, 0.9115228770367912, 0.781268947526579, -0.12660761936479928, 0.8150948946315185
bias: -2.3154115750363684
neuron[2][3]: 0.6791567480999259, 0.845067407338498, 0.3344793379965364, 0.12950858941896548, -0.09159685041790294, 0.7778843916162151, 0.5917484611725445, 0.12387665386929933, 0.6240940582944079, 0.8353483922601995, 0.20753034479000879, 0.1971815951804639, 0.8573477259094214, -0.03920612927567512, 0.08036562965815568, 0.1800418210273234
bias: -0.23906986474041622
neuron[2][4]: 1.333650516731826, 0.17869854891627293, 0.3287942214911572, -0.2602918587947815, 0.2960181830173238, -0.24644605963603877, 1.0238638692119146, -0.17621141224475823, -0.1996099371630848, 0.17764161006065196, -0.17906276249011951, 1.264933184061673, 0.2712237384178641, 0.2049491724404935, 0.2542869265274853, -0.029301099658636313
bias: -2.110172512272399
neuron[2][5]: 0.79010017615987, 0.5413893487502803, 0.5892955775265692, 0.9749495742553032, 0.5155503229600227, 0.4565688188935148, 0.10939447190452076, 0.04665104997394906, 0.21880583682486743, 0.8317078288414966, 0.9720972395067818, 0.40864799860160766, 0.7338767151791575, 0.03704499824811057, 0.26494389060354867, 0.4484889191237622
bias: 0.023570241881901075
neuron[2][6]: 0.4570695259590054, 0.4952163500834235, 1.0350838981198818, 0.8815537584883976, 0.6691879490075163, 0.3853923969917506, 0.917764039686454, 0.7312596975377379, 0.5558245535865444, 0.8683386473154769, 0.702361011585752, 0.826458976426748, 0.7311358872267405, 0.8634866705100442, 0.31567062923487044, 0.07274586705778749
bias: 0.10871184463915141
neuron[2][7]: 0.894564469688509, 0.8512438143563223, 0.4956074451953421, 0.8890563348940923, 0.6042640869683906, 0.9288580265108749, 0.18289504542013163, 0.4055867518370016, 0.8965213818339417, 0.630400417351271, 0.8734967111192764, 0.6682496014959253, 0.09048465785062217, 0.3842986393744542, 0.3559056410822413, 0.043834151995051966
bias: 0.09363604078736888
neuron[2][8]: 0.33262484874025466, 0.9333397984083934, 0.4517698350694661, 0.7131533297105114, 0.40144227237429364, 0.6159020409805328, 0.694519377291652, 0.8342420773486273, 0.8765160647195284, 0.8234335837548005, 0.6521605324143415, 0.9709701193902613, 0.2989496541958079, 0.6822616833425588, 0.7666026605074898, 0.5343026525215622
bias: 0.021318820387755576
neuron[2][9]: 0.9958088038167903, 0.6890899800543197, 0.6759916207704354, 1.0491082421120792, 0.9520433799664211, 0.6203917761850932, 0.41968450260878953, 0.5503093469477932, 0.281693588084359, 0.22786297224733246, 0.7121117246507465, 0.4827354569441153, 0.8941895162047214, 0.7267408665703206, 0.9270098402774679, 0.5310158644274691
bias: 0.10047568133702939
neuron[2][10]: 0.7911441039493983, 0.9848695748383939, 0.1875952091320093, 0.6929745675245199, 0.8647769803415233, 0.36897494182373536, 0.054695481681774384, 0.8516213862555123, 0.7027716329466417, 0.2758095101186418, 0.2193412899894272, 0.3774332812359251, 0.6751718367623178, 0.4872701609355655, 0.30430708889573643, 0.740851526721184
bias: -0.006080940463859211
neuron[2][11]: 0.16762116232128602, 0.1537251903811902, 0.0662705973387795, 0.3042199743198192, 0.8889957788137008, 0.8673044921449204, 0.7776409595819723, 0.9158962550987817, 0.41849368531339715, 0.3102617729798997, 0.7195805453166673, 0.7339897257230131, 0.5006589125139241, 0.6393968446288777, 0.46885327694918094, 0.9507005884812954
bias: 0.04718774960010334
neuron[2][12]: 1.8312035926293304, 0.8578384720969582, 0.5621813603803475, -1.1480217143080227, 0.5960591718596108, -0.049301216043083275, 0.26952578693751483, -1.489766904083659, 0.08839117156432907, 0.09496857924765958, -0.023804387011861813, 2.438589692614949, 0.9898009127314321, 0.5375525591986013, 0.11041079189874507, 0.36690042214364005
bias: -3.1774935601545224
neuron[2][13]: 0.6623870913897683, 0.532680730951851, 0.8344245274424416, 0.3695098786691537, 0.12218947771193886, 0.6316462601562913, 0.9236305176226772, 0.5415561713857496, 0.9527125522217609, 0.20831086374815264, 0.9313927963217055, 0.6509135632803917, 0.5862465117850152, 0.6704941811681213, 0.7428496140434221, 0.49901933290272565
bias: 0.11412237133941645
neuron[2][14]: 0.3169220803058639, 0.9455189392644558, 0.4434942327900917, 0.9513220930931203, 0.6575478792692804, 0.16750176047131754, 0.6328573853985553, 0.27783027768195956, 0.10067288936310213, 0.2721873791129124, 0.22406008857088267, 0.6002393262360979, 0.983246815428758, 0.8051460347395315, 0.8890401946001416, 0.9768093123514846
bias: 0.10382803223230741
neuron[2][15]: 0.7913551765629612, -0.24023817705660336, 0.19313762710338903, -0.02139772892848371, 0.2895848644154008, -0.2789347401912613, -0.09951774867054948, 0.18425839086615134, -0.040313842361264354, -0.3839341400888796, 0.4066557968735299, 0.6100369342912286, 0.5696150792073119, 0.4632906567945012, 0.2504649303960665, 0.4902522817860302
bias: -1.0870500604639715

neuron[3][0]: 0.4734030311943599, -0.10900346700946184, 3.600008673633743, 0.5698994139458567, 3.0688123889774412, 0.029800709177949813, -0.6771531480736122, -0.32222103289361986, -0.2480016721679765, -0.7095753244327643, 0.019014973304807885, -0.13969502462140754, 4.80976039268145, -0.5139412418562616, -0.3438657786025953, 1.5812625316952658
bias: -0.8945194767939936

